111,-028
111,-029
112,-024
112,-025
112,-026
112,-027
112,-028
112,-029
112,-030
113,-020
113,-021
113,-022
113,-023
113,-024
113,-025
113,-026
113,-027
113,-028
113,-029
113,-030
113,-032
113,-033
113,-034
113,-035
113,-036
114,-020
114,-021
114,-022
114,-023
114,-024
114,-025
114,-026
114,-027
114,-028
114,-029
114,-030
114,-031
114,-032
114,-033
114,-034
114,-035
114,-036
115,-020
115,-021
115,-022
115,-023
115,-024
115,-025
115,-026
115,-027
115,-028
115,-029
115,-030
115,-031
115,-032
115,-033
115,-034
115,-035
115,-036
116,-020
116,-021
116,-022
116,-023
116,-024
116,-025
116,-026
116,-027
116,-028
116,-029
116,-030
116,-031
116,-032
116,-033
116,-034
116,-035
116,-036
117,-020
117,-021
117,-022
117,-023
117,-024
117,-025
117,-026
117,-027
117,-028
117,-029
117,-030
117,-031
117,-032
117,-033
117,-034
117,-035
117,-036
118,-020
118,-021
118,-022
118,-023
118,-024
118,-025
118,-026
118,-027
118,-028
118,-029
118,-030
118,-031
118,-032
118,-033
118,-034
118,-035
118,-036
119,-020
119,-021
119,-022
119,-023
119,-024
119,-025
119,-026
119,-027
119,-028
119,-029
119,-030
119,-031
119,-032
119,-033
119,-034
119,-035
119,-036
120,-017
120,-018
120,-019
120,-020
120,-021
120,-022
120,-023
120,-024
120,-025
120,-026
120,-027
120,-028
120,-029
120,-030
120,-031
120,-032
120,-033
120,-034
120,-035
120,-036
121,-012
121,-013
121,-015
121,-016
121,-017
121,-018
121,-019
121,-020
121,-021
121,-022
121,-023
121,-024
121,-025
121,-026
121,-027
121,-028
121,-029
121,-030
121,-031
121,-032
121,-033
121,-034
121,-035
121,-036
122,-011
122,-012
122,-013
122,-015
122,-016
122,-017
122,-018
122,-019
122,-020
122,-021
122,-022
122,-023
122,-024
122,-025
122,-026
122,-027
122,-028
122,-029
122,-030
122,-031
122,-032
122,-033
122,-034
122,-035
122,-036
123,-011
123,-012
123,-013
123,-015
123,-016
123,-017
123,-018
123,-019
123,-020
123,-021
123,-022
123,-023
123,-024
123,-025
123,-026
123,-027
123,-028
123,-029
123,-030
123,-031
123,-032
123,-033
123,-034
123,-035
123,-036
124,-013
124,-014
124,-015
124,-016
124,-017
124,-018
124,-019
124,-020
124,-021
124,-022
124,-023
124,-024
124,-025
124,-026
124,-027
124,-028
124,-029
124,-030
124,-031
124,-032
124,-033
124,-034
124,-035
124,-036
125,-013
125,-014
125,-015
125,-016
125,-017
125,-018
125,-019
125,-020
125,-021
125,-022
125,-023
125,-024
125,-025
125,-026
125,-027
125,-028
125,-029
125,-030
125,-031
125,-032
125,-033
125,-034
125,-035
126,-013
126,-014
126,-015
126,-016
126,-017
126,-018
126,-019
126,-020
126,-021
126,-022
126,-023
126,-024
126,-025
126,-026
126,-027
126,-028
126,-029
126,-030
126,-031
126,-032
126,-033
126,-034
126,-035
127,-013
127,-014
127,-015
127,-016
127,-017
127,-018
127,-019
127,-020
127,-021
127,-022
127,-023
127,-024
127,-025
127,-026
127,-027
127,-028
127,-029
127,-030
127,-031
127,-032
127,-033
128,-013
128,-014
128,-015
128,-016
128,-017
128,-018
128,-019
128,-020
128,-021
128,-022
128,-023
128,-024
128,-025
128,-026
128,-027
128,-028
128,-029
128,-030
128,-031
128,-032
128,-033
129,-011
129,-012
129,-013
129,-014
129,-015
129,-016
129,-017
129,-018
129,-019
129,-020
129,-021
129,-022
129,-023
129,-024
129,-025
129,-026
129,-027
129,-028
129,-029
129,-030
129,-031
129,-032
129,-033
130,-011
130,-012
130,-013
130,-014
130,-015
130,-016
130,-017
130,-018
130,-019
130,-020
130,-021
130,-022
130,-023
130,-024
130,-025
130,-026
130,-027
130,-028
130,-029
130,-030
130,-031
130,-032
130,-033
131,-011
131,-012
131,-013
131,-014
131,-015
131,-016
131,-017
131,-018
131,-019
131,-020
131,-021
131,-022
131,-023
131,-024
131,-025
131,-026
131,-027
131,-028
131,-029
131,-030
131,-031
131,-032
131,-033
131,-034
132,-011
132,-012
132,-013
132,-014
132,-015
132,-016
132,-017
132,-018
132,-019
132,-020
132,-021
132,-022
132,-023
132,-024
132,-025
132,-026
132,-027
132,-028
132,-029
132,-030
132,-031
132,-032
132,-033
132,-034
133,-011
133,-012
133,-013
133,-014
133,-015
133,-016
133,-017
133,-018
133,-019
133,-020
133,-021
133,-022
133,-023
133,-024
133,-025
133,-026
133,-027
133,-028
133,-029
133,-030
133,-031
133,-032
133,-033
133,-034
133,-035
133,-036
134,-011
134,-012
134,-013
134,-014
134,-015
134,-016
134,-017
134,-018
134,-019
134,-020
134,-021
134,-022
134,-023
134,-024
134,-025
134,-026
134,-027
134,-028
134,-029
134,-030
134,-031
134,-032
134,-033
134,-034
134,-035
134,-036
135,-011
135,-012
135,-013
135,-014
135,-015
135,-016
135,-017
135,-018
135,-019
135,-020
135,-021
135,-022
135,-023
135,-024
135,-025
135,-026
135,-027
135,-028
135,-029
135,-030
135,-031
135,-032
135,-033
135,-034
135,-035
135,-036
135,-037
136,-011
136,-012
136,-013
136,-014
136,-015
136,-016
136,-017
136,-018
136,-019
136,-020
136,-021
136,-022
136,-023
136,-024
136,-025
136,-026
136,-027
136,-028
136,-029
136,-030
136,-031
136,-032
136,-033
136,-034
136,-035
136,-036
136,-037
137,-011
137,-012
137,-013
137,-014
137,-015
137,-016
137,-017
137,-018
137,-019
137,-020
137,-021
137,-022
137,-023
137,-024
137,-025
137,-026
137,-027
137,-028
137,-029
137,-030
137,-031
137,-032
137,-033
137,-034
137,-035
137,-036
137,-037
137,-038
138,-015
138,-016
138,-017
138,-018
138,-019
138,-020
138,-021
138,-022
138,-023
138,-024
138,-025
138,-026
138,-027
138,-028
138,-029
138,-030
138,-031
138,-032
138,-033
138,-034
138,-035
138,-036
138,-037
138,-038
138,-039
139,-015
139,-016
139,-017
139,-018
139,-019
139,-020
139,-021
139,-022
139,-023
139,-024
139,-025
139,-026
139,-027
139,-028
139,-029
139,-030
139,-031
139,-032
139,-033
139,-034
139,-035
139,-036
139,-037
139,-038
139,-039
139,-040
140,-011
140,-012
140,-013
140,-014
140,-015
140,-016
140,-017
140,-018
140,-019
140,-020
140,-021
140,-022
140,-023
140,-024
140,-025
140,-026
140,-027
140,-028
140,-029
140,-030
140,-031
140,-032
140,-033
140,-034
140,-035
140,-036
140,-037
140,-038
140,-039
140,-040
141,-011
141,-012
141,-013
141,-014
141,-015
141,-016
141,-017
141,-018
141,-019
141,-020
141,-021
141,-022
141,-023
141,-024
141,-025
141,-026
141,-027
141,-028
141,-029
141,-030
141,-031
141,-032
141,-033
141,-034
141,-035
141,-036
141,-037
141,-038
141,-039
141,-040
142,-011
142,-012
142,-013
142,-014
142,-015
142,-016
142,-017
142,-018
142,-019
142,-020
142,-021
142,-022
142,-023
142,-024
142,-025
142,-026
142,-027
142,-028
142,-029
142,-030
142,-031
142,-032
142,-033
142,-034
142,-035
142,-036
142,-037
142,-038
142,-039
142,-040
142,-041
142,-042
143,-011
143,-012
143,-013
143,-014
143,-015
143,-016
143,-017
143,-018
143,-019
143,-020
143,-021
143,-022
143,-023
143,-024
143,-025
143,-026
143,-027
143,-028
143,-029
143,-030
143,-031
143,-032
143,-033
143,-034
143,-035
143,-036
143,-037
143,-038
143,-039
143,-040
143,-041
143,-042
143,-043
144,-011
144,-012
144,-013
144,-014
144,-015
144,-016
144,-017
144,-018
144,-019
144,-020
144,-021
144,-022
144,-023
144,-024
144,-025
144,-026
144,-027
144,-028
144,-029
144,-030
144,-031
144,-032
144,-033
144,-034
144,-035
144,-036
144,-037
144,-038
144,-039
144,-040
144,-041
144,-042
144,-043
144,-044
145,-013
145,-014
145,-015
145,-016
145,-017
145,-018
145,-019
145,-020
145,-021
145,-022
145,-023
145,-024
145,-025
145,-026
145,-027
145,-028
145,-029
145,-030
145,-031
145,-032
145,-033
145,-034
145,-035
145,-036
145,-037
145,-038
145,-039
145,-040
145,-041
145,-042
145,-043
145,-044
145,-045
146,-014
146,-015
146,-016
146,-017
146,-018
146,-019
146,-020
146,-021
146,-022
146,-023
146,-024
146,-025
146,-026
146,-027
146,-028
146,-029
146,-030
146,-031
146,-032
146,-033
146,-034
146,-035
146,-036
146,-037
146,-038
146,-039
146,-040
146,-041
146,-042
146,-043
146,-044
146,-045
147,-017
147,-018
147,-019
147,-020
147,-021
147,-022
147,-023
147,-024
147,-025
147,-026
147,-027
147,-028
147,-029
147,-030
147,-031
147,-032
147,-033
147,-034
147,-035
147,-036
147,-037
147,-038
147,-039
147,-040
147,-041
147,-042
147,-043
147,-044
147,-045
148,-019
148,-020
148,-021
148,-022
148,-023
148,-024
148,-025
148,-026
148,-027
148,-028
148,-029
148,-030
148,-031
148,-032
148,-033
148,-034
148,-035
148,-036
148,-037
148,-038
148,-039
148,-040
148,-041
148,-042
148,-043
148,-044
148,-045
149,-020
149,-021
149,-022
149,-023
149,-024
149,-025
149,-026
149,-027
149,-028
149,-029
149,-030
149,-031
149,-032
149,-033
149,-034
149,-035
149,-036
149,-037
149,-038
149,-039
149,-040
149,-041
149,-042
149,-043
149,-044
149,-045
150,-021
150,-022
150,-023
150,-024
150,-025
150,-026
150,-027
150,-028
150,-029
150,-030
150,-031
150,-032
150,-033
150,-034
150,-035
150,-036
150,-037
150,-038
150,-039
150,-042
150,-043
151,-011
151,-012
151,-013
151,-021
151,-022
151,-023
151,-024
151,-025
151,-026
151,-027
151,-028
151,-029
151,-030
151,-031
151,-032
151,-033
151,-034
151,-035
151,-036
151,-037
151,-038
151,-039
152,-011
152,-012
152,-013
152,-021
152,-022
152,-023
152,-024
152,-025
152,-026
152,-027
152,-028
152,-029
152,-030
152,-031
152,-032
152,-033
152,-034
152,-035
152,-036
152,-037
153,-011
153,-012
153,-013
153,-024
153,-025
153,-026
153,-027
153,-028
153,-029
153,-030
153,-031
153,-032
153,-033
154,-026
154,-027
154,-028
154,-029
154,-031
154,-032
154,-033
